Datas from n sets of 0.6 and composite
Train1 = [[90.69, 89.05, 86.07000000000001, 68.81]]
Train2 = [[90.94, 89.91, 87.19, 71.39999999999999]]
Train3 = [[90.84, 90.48, 87.27000000000001, 71.94]]
TrainComposite = [[90.47, 89.53999999999999, 86.02, 70.16]]
TrainTiled = [[92.91, 91.02, 88.53, 78.28]]

np.savetxt("weights_10.csv", Classify_1and7.W, delimiter=",")
